[  292.681994] [Project1] 2077 1587993413.642205219 1587993414.875703167
[  294.922214] [Project1] 2078 1587993415.949313214 1587993417.115822276
[  297.143466] [Project1] 2079 1587993418.183539210 1587993419.336908677
[  299.376577] [Project1] 2080 1587993420.416669200 1587993421.569854210
[  301.622458] [Project1] 2084 1587993422.634973538 1587993423.815570274
[  303.865102] [Project1] 2085 1587993424.885427049 1587993426.058037447
[  306.054349] [Project1] 2086 1587993427.109775339 1587993428.247133803
[  308.245648] [Project1] 2087 1587993429.299491544 1587993430.438271057
[  310.433484] [Project1] 2088 1587993431.489533389 1587993432.625948728
[  312.621379] [Project1] 2089 1587993433.677088549 1587993434.813683778
[  379.358315] [Project1] 2096 1587993500.469888816 1587993501.662240608
[  380.585043] [Project1] 2097 1587993501.662716272 1587993502.889880347
[  381.759287] [Project1] 2098 1587993502.890292352 1587993504.064965423
[  383.092963] [Project1] 2099 1587993504.065794121 1587993505.399603095
[  384.587685] [Project1] 2100 1587993505.400065920 1587993506.895315579
[  638.606315] [Project1] 2155 1587993553.148559637 1587993760.855098498
[  650.404524] [Project1] 2223 1587993760.855675728 1587993772.655369022
[  652.980435] [Project1] 2225 1587993772.655778419 1587993775.231628190
[  655.310489] [Project1] 2226 1587993775.232217312 1587993777.561976335
