[  292.681994] [Project1] 2077 1587993413.642205219 1587993414.875703167
[  294.922214] [Project1] 2078 1587993415.949313214 1587993417.115822276
[  297.143466] [Project1] 2079 1587993418.183539210 1587993419.336908677
[  299.376577] [Project1] 2080 1587993420.416669200 1587993421.569854210
[  301.622458] [Project1] 2084 1587993422.634973538 1587993423.815570274
[  303.865102] [Project1] 2085 1587993424.885427049 1587993426.058037447
[  306.054349] [Project1] 2086 1587993427.109775339 1587993428.247133803
[  308.245648] [Project1] 2087 1587993429.299491544 1587993430.438271057
[  310.433484] [Project1] 2088 1587993431.489533389 1587993432.625948728
[  312.621379] [Project1] 2089 1587993433.677088549 1587993434.813683778
[  379.358315] [Project1] 2096 1587993500.469888816 1587993501.662240608
[  380.585043] [Project1] 2097 1587993501.662716272 1587993502.889880347
[  381.759287] [Project1] 2098 1587993502.890292352 1587993504.064965423
[  383.092963] [Project1] 2099 1587993504.065794121 1587993505.399603095
[  384.587685] [Project1] 2100 1587993505.400065920 1587993506.895315579
[  638.606315] [Project1] 2155 1587993553.148559637 1587993760.855098498
[  650.404524] [Project1] 2223 1587993760.855675728 1587993772.655369022
[  652.980435] [Project1] 2225 1587993772.655778419 1587993775.231628190
[  655.310489] [Project1] 2226 1587993775.232217312 1587993777.561976335
[  788.328466] [Project1] 2264 1587993892.174665551 1587993910.670135649
[  800.320904] [Project1] 2265 1587993910.670683088 1587993922.668377205
[  807.893627] [Project1] 2267 1587993922.668885966 1587993930.244353029
[  810.425368] [Project1] 2268 1587993930.244929263 1587993932.777124922
[  812.869624] [Project1] 2269 1587993932.777683699 1587993935.222354247
[  815.152047] [Project1] 2270 1587993935.222801170 1587993937.505663890
[  824.694875] [Project1] 2271 1587993937.506542390 1587993947.052028692
[  849.764059] [Project1] 2281 1587993967.474522397 1587993972.119718984
[  850.917202] [Project1] 2282 1587993972.120223931 1587993973.270713243
[  851.381550] [Project1] 2283 1587993973.271204046 1587993973.734217595
[  852.535262] [Project1] 2284 1587993973.734709752 1587993974.885883459
[  906.434496] [Project1] 2296 1587994009.116512886 1587994028.740528118
[  918.101324] [Project1] 2297 1587994028.741348283 1587994040.404420564
[  924.949481] [Project1] 2299 1587994040.404856115 1587994047.251322076
[  927.368214] [Project1] 2300 1587994047.251790152 1587994049.669675713
[  929.944527] [Project1] 2301 1587994049.670359101 1587994052.245618655
[  932.371189] [Project1] 2302 1587994052.246131788 1587994054.671960495
[  942.177492] [Project1] 2303 1587994054.672525265 1587994064.477223046
[  972.562077] [Project1] 2317 1587994093.643714099 1587994094.860199507
[  973.714810] [Project1] 2318 1587994094.860785330 1587994096.012907207
[  974.868423] [Project1] 2319 1587994096.013566528 1587994097.166285382
[  976.021160] [Project1] 2320 1587994097.166774649 1587994098.318801686
[  977.173300] [Project1] 2321 1587994098.319263353 1587994099.470665673
[ 1024.132035] [Project1] 2331 1587994129.056172954 1587994146.422923145
[ 1027.583044] [Project1] 2332 1587994130.212711366 1587994149.873608641
[ 1087.544981] [Project1] 2342 1587994176.842418514 1587994209.831706587
[ 1092.364086] [Project1] 2340 1587994169.848888875 1587994214.650618406
[ 1093.542627] [Project1] 2341 1587994173.369745771 1587994215.829108661
[ 1111.159532] [Project1] 2347 1587994183.727364042 1587994233.445378764
[ 1115.720047] [Project1] 2346 1587994182.553732887 1587994238.005746990
[ 1118.000591] [Project1] 2345 1587994181.417719879 1587994240.286223897
[ 1148.516964] [Project1] 2364 1587994261.374096148 1587994270.801793191
[ 1149.660369] [Project1] 2365 1587994262.535040744 1587994271.945168668
[ 1150.799246] [Project1] 2366 1587994263.698348704 1587994273.084016203
[ 1169.347693] [Project1] 2363 1587994260.221663953 1587994291.632077009
[ 1178.277872] [Project1] 2367 1587994264.933552354 1587994300.562084620
[ 1184.131260] [Project1] 2362 1587994259.053902248 1587994306.415356614
[ 1192.755322] [Project1] 2361 1587994257.850486558 1587994315.039280857
[ 1221.858199] [Project1] 2404 1587994334.881875801 1587994344.141713839
[ 1223.032811] [Project1] 2405 1587994336.033894898 1587994345.316306993
[ 1224.173409] [Project1] 2406 1587994337.189411494 1587994346.456888931
[ 1242.517396] [Project1] 2403 1587994333.727891184 1587994364.812325738
[ 1250.979811] [Project1] 2407 1587994338.343151147 1587994373.281872071
[ 1255.596106] [Project1] 2402 1587994332.551168412 1587994377.901721298
[ 1262.475708] [Project1] 2401 1587994331.294630231 1587994384.786228547
[ 1292.487773] [Project1] 2419 1587994409.894352367 1587994414.815230133
[ 1294.799697] [Project1] 2420 1587994414.816018405 1587994417.128212310
[ 1304.052314] [Project1] 2421 1587994417.128629492 1587994426.384784665
[ 1320.566088] [Project1] 2425 1587994426.385452770 1587994442.904596792
[ 1352.229424] [Project1] 2434 1587994474.347258740 1587994474.577101779
[ 1352.700972] [Project1] 2435 1587994474.577712845 1587994475.048762713
[ 1362.269113] [Project1] 2436 1587994475.049216859 1587994484.619153550
[ 1371.544056] [Project1] 2439 1587994484.619705372 1587994493.896118601
[ 1387.594124] [Project1] 2440 1587994493.896505448 1587994509.949359026
[ 1431.426100] [Project1] 2451 1587994546.766052143 1587994553.788542688
[ 1431.450633] [Project1] 2452 1587994553.789757126 1587994553.813086503
[ 1431.474041] [Project1] 2453 1587994553.813612261 1587994553.836500604
[ 1440.714373] [Project1] 2454 1587994553.836865136 1587994563.078151263
[ 1449.832870] [Project1] 2455 1587994563.078829606 1587994572.197915869
[ 1461.236822] [Project1] 2456 1587994572.198298551 1587994583.603377554
[ 1477.234050] [Project1] 2457 1587994583.603793472 1587994599.602690238
[ 1505.358349] [Project1] 2460 1587994599.603441770 1587994627.703536173
[ 1531.092392] [Project1] 2468 1587994645.311038461 1587994653.413143587
[ 1533.576141] [Project1] 2469 1587994653.413673211 1587994655.894979969
[ 1544.169434] [Project1] 2470 1587994655.895698041 1587994666.480834123
[ 1546.616142] [Project1] 2473 1587994666.481536979 1587994668.925974869
[ 1551.198801] [Project1] 2474 1587994668.926438871 1587994673.505840628
[ 1575.021697] [Project1] 2480 1587994692.308804508 1587994697.316700012
[ 1576.296142] [Project1] 2481 1587994697.317350007 1587994698.590612931
[ 1577.459994] [Project1] 2482 1587994698.591103142 1587994699.753977068
[ 1578.617388] [Project1] 2483 1587994699.754440478 1587994700.910896551
[ 1636.843881] [Project1] 2498 1587994752.067525424 1587994759.120384813
[ 1645.998747] [Project1] 2497 1587994749.747805814 1587994768.273441588
[ 1659.712910] [Project1] 2496 1587994747.398543681 1587994781.985194110
[ 1680.429143] [Project1] 2495 1587994745.034344958 1587994802.698289332
[ 1702.872126] [Project1] 2509 1587994822.468825011 1587994825.138382662
[ 1708.099367] [Project1] 2508 1587994819.729515303 1587994830.365010171
[ 1715.429335] [Project1] 2511 1587994832.982283589 1587994837.694155133
[ 1717.731314] [Project1] 2512 1587994837.701564847 1587994839.995885409
[ 1724.592217] [Project1] 2510 1587994830.365743251 1587994846.856051693
[ 1752.764042] [Project1] 2522 1587994873.878002774 1587994875.074980694
[ 1753.920238] [Project1] 2523 1587994875.075453756 1587994876.236524044
[ 1755.074128] [Project1] 2524 1587994876.237174796 1587994877.395612378
[ 1758.544056] [Project1] 2521 1587994872.596798529 1587994880.880160289
