[  292.681994] [Project1] 2077 1587993413.642205219 1587993414.875703167
[  294.922214] [Project1] 2078 1587993415.949313214 1587993417.115822276
[  297.143466] [Project1] 2079 1587993418.183539210 1587993419.336908677
[  299.376577] [Project1] 2080 1587993420.416669200 1587993421.569854210
[  301.622458] [Project1] 2084 1587993422.634973538 1587993423.815570274
[  303.865102] [Project1] 2085 1587993424.885427049 1587993426.058037447
[  306.054349] [Project1] 2086 1587993427.109775339 1587993428.247133803
[  308.245648] [Project1] 2087 1587993429.299491544 1587993430.438271057
[  310.433484] [Project1] 2088 1587993431.489533389 1587993432.625948728
[  312.621379] [Project1] 2089 1587993433.677088549 1587993434.813683778
[  379.358315] [Project1] 2096 1587993500.469888816 1587993501.662240608
[  380.585043] [Project1] 2097 1587993501.662716272 1587993502.889880347
[  381.759287] [Project1] 2098 1587993502.890292352 1587993504.064965423
[  383.092963] [Project1] 2099 1587993504.065794121 1587993505.399603095
[  384.587685] [Project1] 2100 1587993505.400065920 1587993506.895315579
[  638.606315] [Project1] 2155 1587993553.148559637 1587993760.855098498
[  650.404524] [Project1] 2223 1587993760.855675728 1587993772.655369022
[  652.980435] [Project1] 2225 1587993772.655778419 1587993775.231628190
[  655.310489] [Project1] 2226 1587993775.232217312 1587993777.561976335
[  788.328466] [Project1] 2264 1587993892.174665551 1587993910.670135649
[  800.320904] [Project1] 2265 1587993910.670683088 1587993922.668377205
[  807.893627] [Project1] 2267 1587993922.668885966 1587993930.244353029
[  810.425368] [Project1] 2268 1587993930.244929263 1587993932.777124922
[  812.869624] [Project1] 2269 1587993932.777683699 1587993935.222354247
[  815.152047] [Project1] 2270 1587993935.222801170 1587993937.505663890
[  824.694875] [Project1] 2271 1587993937.506542390 1587993947.052028692
[  849.764059] [Project1] 2281 1587993967.474522397 1587993972.119718984
[  850.917202] [Project1] 2282 1587993972.120223931 1587993973.270713243
[  851.381550] [Project1] 2283 1587993973.271204046 1587993973.734217595
[  852.535262] [Project1] 2284 1587993973.734709752 1587993974.885883459
[  906.434496] [Project1] 2296 1587994009.116512886 1587994028.740528118
[  918.101324] [Project1] 2297 1587994028.741348283 1587994040.404420564
[  924.949481] [Project1] 2299 1587994040.404856115 1587994047.251322076
[  927.368214] [Project1] 2300 1587994047.251790152 1587994049.669675713
[  929.944527] [Project1] 2301 1587994049.670359101 1587994052.245618655
[  932.371189] [Project1] 2302 1587994052.246131788 1587994054.671960495
[  942.177492] [Project1] 2303 1587994054.672525265 1587994064.477223046
[  972.562077] [Project1] 2317 1587994093.643714099 1587994094.860199507
[  973.714810] [Project1] 2318 1587994094.860785330 1587994096.012907207
[  974.868423] [Project1] 2319 1587994096.013566528 1587994097.166285382
[  976.021160] [Project1] 2320 1587994097.166774649 1587994098.318801686
[  977.173300] [Project1] 2321 1587994098.319263353 1587994099.470665673
[ 1024.132035] [Project1] 2331 1587994129.056172954 1587994146.422923145
[ 1027.583044] [Project1] 2332 1587994130.212711366 1587994149.873608641
[ 1087.544981] [Project1] 2342 1587994176.842418514 1587994209.831706587
[ 1092.364086] [Project1] 2340 1587994169.848888875 1587994214.650618406
[ 1093.542627] [Project1] 2341 1587994173.369745771 1587994215.829108661
[ 1111.159532] [Project1] 2347 1587994183.727364042 1587994233.445378764
[ 1115.720047] [Project1] 2346 1587994182.553732887 1587994238.005746990
[ 1118.000591] [Project1] 2345 1587994181.417719879 1587994240.286223897
