[  292.681994] [Project1] 2077 1587993413.642205219 1587993414.875703167
[  294.922214] [Project1] 2078 1587993415.949313214 1587993417.115822276
[  297.143466] [Project1] 2079 1587993418.183539210 1587993419.336908677
[  299.376577] [Project1] 2080 1587993420.416669200 1587993421.569854210
[  301.622458] [Project1] 2084 1587993422.634973538 1587993423.815570274
[  303.865102] [Project1] 2085 1587993424.885427049 1587993426.058037447
[  306.054349] [Project1] 2086 1587993427.109775339 1587993428.247133803
[  308.245648] [Project1] 2087 1587993429.299491544 1587993430.438271057
[  310.433484] [Project1] 2088 1587993431.489533389 1587993432.625948728
[  312.621379] [Project1] 2089 1587993433.677088549 1587993434.813683778
